 
 D =   2.83576829273913       0.636928837215796     
 
 Objective function f =  9.908630566513384E-004   1.00000000000000     
 
 D =  0.507734504336831       0.862967096472391     
 
 Objective function f =  6.514970032755274E-002   1.00000000000000     
 
 D =   2.24385288476953       0.737990422971322     
